hp_ax: 0.0086
hp_ay: 0.0086
hp_az: 0.0086
hp_vpitch: 0.0255
hp_vroll: 0.0255
hp_vyaw: 0.1
k_ax: 5e-05
k_ay: 1.16667e-05
k_az: 0.000277778
k_vpitch: 0.341667
k_vroll: 0.341667
k_vyaw: 0.341667
lp_ax: 0.0085
lp_ay: 0.0085
lp_az: 0.0085
